#PHONON MODE          	 EPSM1                	 OMEGAM05 [meV]       	 ALPHA                	 ZPR [meV]            \AREA/4pi            
0                    	 0.000000             	 0.000000             	 0.000000             	 -0.000000            	 1.232578            
1                    	 0.000000             	 0.000000             	 0.000000             	 -0.000000            	 1.232578            
2                    	 0.000000             	 0.000000             	 0.000000             	 -0.000000            	 1.232578            
3                    	 0.000000             	 0.017312             	 0.000000             	 -0.000000            	 1.232578            
4                    	 0.000000             	 0.017312             	 0.000000             	 -0.000000            	 1.232578            
5                    	 0.000000             	 0.016857             	 0.000006             	 -0.000078            	 1.232578            
6                    	 0.000000             	 0.016857             	 0.000008             	 -0.000114            	 1.232578            
7                    	 0.000000             	 0.016857             	 0.000005             	 -0.000066            	 1.232578            
8                    	 0.145608             	 0.015123             	 2.222944             	 -37.899869           	 1.232578            
