#PHONON MODE          	 EPSM1                	 OMEGAM05 [meV]       	 ALPHA                	 ZPR [meV]            \AREA/4pi            
0                    	 0.000000             	 0.000000             	 0.000000             	 -0.000000            	 1.233038            
1                    	 0.000000             	 0.000000             	 0.000000             	 -0.000000            	 1.233038            
2                    	 0.000000             	 0.000000             	 0.000000             	 -0.000000            	 1.233038            
3                    	 0.000000             	 0.010995             	 0.000000             	 -0.000006            	 1.233038            
4                    	 0.000000             	 0.010995             	 0.000000             	 -0.000009            	 1.233038            
5                    	 0.000000             	 0.010995             	 0.000001             	 -0.000017            	 1.233038            
6                    	 0.000000             	 0.010590             	 0.000000             	 -0.000000            	 1.233038            
7                    	 0.000000             	 0.010590             	 0.000000             	 -0.000000            	 1.233038            
8                    	 0.022247             	 0.009638             	 0.199841             	 -8.394774            	 1.233038            
