#PHONON MODE          	 EPSM1                	 OMEGAM05 [meV]       	 ALPHA                	 ZPR [meV]            \AREA/4pi            
0                    	 0.000000             	 0.000000             	 0.000000             	 -0.000000            	 1.232422            
1                    	 0.000000             	 0.000000             	 0.000000             	 -0.000000            	 1.232422            
2                    	 0.000000             	 0.000000             	 0.000000             	 -0.000000            	 1.232422            
3                    	 0.000000             	 0.012575             	 0.000000             	 -0.000000            	 1.232422            
4                    	 0.000000             	 0.012575             	 0.000000             	 -0.000000            	 1.232422            
5                    	 0.002321             	 0.012392             	 0.040397             	 -1.025401            	 1.232422            
6                    	 0.000000             	 0.011280             	 0.000000             	 -0.000000            	 1.232422            
7                    	 0.000000             	 0.011280             	 0.000000             	 -0.000000            	 1.232422            
8                    	 0.010567             	 0.010823             	 0.160615             	 -5.345332            	 1.232422            
