#PHONON MODE          	 EPSM1                	 OMEGAM05 [meV]       	 ALPHA                	 ZPR [meV]            \AREA/4pi            
0                    	 0.000000             	 0.000000             	 0.000000             	 -0.000000            	 1.222721            
1                    	 0.000000             	 0.000000             	 0.000000             	 -0.000000            	 1.222721            
2                    	 0.000000             	 0.000000             	 0.000000             	 -0.000000            	 1.222721            
3                    	 0.004183             	 0.018596             	 0.054963             	 -0.618404            	 1.222721            
4                    	 0.000000             	 0.016998             	 0.000000             	 -0.000000            	 1.222721            
5                    	 0.054256             	 0.014986             	 0.643317             	 -10.952488           	 1.222721            
6                    	 0.000182             	 0.010099             	 0.001051             	 -0.039576            	 1.222721            
7                    	 0.000000             	 0.009276             	 0.000000             	 -0.000000            	 1.222721            
8                    	 0.010348             	 0.009102             	 0.086402             	 -4.031404            	 1.222721            
