#PHONON MODE          	 EPSM1                	 OMEGAM05 [meV]       	 ALPHA                	 ZPR [meV]            \AREA/4pi            
0                    	 0.000000             	 0.000000             	 0.000000             	 -0.000000            	 1.233910            
1                    	 0.000000             	 0.000000             	 0.000000             	 -0.000000            	 1.233910            
2                    	 0.000000             	 0.000000             	 0.000000             	 -0.000000            	 1.233910            
3                    	 0.000000             	 0.017195             	 0.000005             	 -0.000072            	 1.233910            
4                    	 0.000000             	 0.017195             	 0.000003             	 -0.000043            	 1.233910            
5                    	 0.000000             	 0.017195             	 0.000002             	 -0.000026            	 1.233910            
6                    	 0.000000             	 0.013457             	 0.000000             	 -0.000000            	 1.233910            
7                    	 0.000000             	 0.013457             	 0.000000             	 -0.000000            	 1.233910            
8                    	 0.224171             	 0.010361             	 2.520163             	 -91.738186           	 1.233910            
