#PHONON MODE          	 EPSM1                	 OMEGAM05 [meV]       	 ALPHA                	 ZPR [meV]            \AREA/4pi            
0                    	 0.000000             	 0.000000             	 0.000000             	 -0.000000            	 1.229050            
1                    	 0.000000             	 0.000000             	 0.000000             	 -0.000000            	 1.229050            
2                    	 0.000000             	 0.000000             	 0.000000             	 -0.000000            	 1.229050            
3                    	 0.000000             	 0.014090             	 0.000000             	 -0.000000            	 1.229050            
4                    	 0.000000             	 0.014090             	 0.000000             	 -0.000000            	 1.229050            
5                    	 0.000000             	 0.013347             	 0.000002             	 -0.000049            	 1.229050            
6                    	 0.000000             	 0.013347             	 0.000004             	 -0.000093            	 1.229050            
7                    	 0.000000             	 0.013347             	 0.000002             	 -0.000041            	 1.229050            
8                    	 0.139512             	 0.012117             	 1.501026             	 -39.637348           	 1.229050            
