#PHONON MODE          	 EPSM1                	 OMEGAM05 [meV]       	 ALPHA                	 ZPR [meV]            \AREA/4pi            
0                    	 0.000000             	 0.000000             	 0.000000             	 -0.000000            	 1.246934            
1                    	 0.000000             	 0.000000             	 0.000000             	 -0.000000            	 1.246934            
2                    	 0.000000             	 0.000000             	 0.000000             	 -0.000000            	 1.246934            
3                    	 0.000000             	 0.008492             	 0.000000             	 -0.000000            	 1.246934            
4                    	 0.000000             	 0.008492             	 0.000000             	 -0.000000            	 1.246934            
5                    	 0.000000             	 0.007742             	 0.000002             	 -0.000138            	 1.246934            
6                    	 0.000000             	 0.007742             	 0.000001             	 -0.000097            	 1.246934            
7                    	 0.000000             	 0.007742             	 0.000001             	 -0.000061            	 1.246934            
8                    	 0.257157             	 0.006735             	 2.281944             	 -200.756339          	 1.246934            
