#PHONON MODE          	 EPSM1                	 OMEGAM05 [meV]       	 ALPHA                	 ZPR [meV]            \AREA/4pi            
0                    	 0.000000             	 0.000000             	 0.000000             	 -0.000000            	 1.241081            
1                    	 0.000000             	 0.000000             	 0.000000             	 -0.000000            	 1.241081            
2                    	 0.000000             	 0.000000             	 0.000000             	 -0.000000            	 1.241081            
3                    	 0.000000             	 0.011396             	 0.000000             	 -0.000000            	 1.241081            
4                    	 0.000000             	 0.011396             	 0.000000             	 -0.000000            	 1.241081            
5                    	 0.000000             	 0.007497             	 0.000006             	 -0.000392            	 1.241081            
6                    	 0.000000             	 0.007497             	 0.000001             	 -0.000045            	 1.241081            
7                    	 0.000000             	 0.007497             	 0.000000             	 -0.000012            	 1.241081            
8                    	 0.183141             	 0.006996             	 2.604317             	 -210.328388          	 1.241081            
