#PHONON MODE          	 EPSM1                	 OMEGAM05 [meV]       	 ALPHA                	 ZPR [meV]            \AREA/4pi            
0                    	 0.000000             	 0.000000             	 0.000000             	 -0.000000            	 1.237944            
1                    	 0.000000             	 0.000000             	 0.000000             	 -0.000000            	 1.237944            
2                    	 0.000000             	 0.000000             	 0.000000             	 -0.000000            	 1.237944            
3                    	 0.000001             	 0.020200             	 0.000014             	 -0.000136            	 1.237944            
4                    	 0.000000             	 0.020200             	 0.000001             	 -0.000006            	 1.237944            
5                    	 0.000000             	 0.020200             	 0.000006             	 -0.000059            	 1.237944            
6                    	 0.000000             	 0.017818             	 0.000000             	 -0.000000            	 1.237944            
7                    	 0.000000             	 0.017818             	 0.000000             	 -0.000000            	 1.237944            
8                    	 0.162676             	 0.015359             	 2.575665             	 -42.941766           	 1.237944            
