#PHONON MODE          	 EPSM1                	 OMEGAM05 [meV]       	 ALPHA                	 ZPR [meV]            \AREA/4pi            
0                    	 0.000000             	 0.000000             	 0.000000             	 -0.000000            	 1.233645            
1                    	 0.000000             	 0.000000             	 0.000000             	 -0.000000            	 1.233645            
2                    	 0.000000             	 0.000000             	 0.000000             	 -0.000000            	 1.233645            
3                    	 0.000000             	 0.011227             	 0.000000             	 -0.000000            	 1.233645            
4                    	 0.000000             	 0.011227             	 0.000000             	 -0.000000            	 1.233645            
5                    	 0.000001             	 0.009928             	 0.000008             	 -0.000325            	 1.233645            
6                    	 0.000000             	 0.009928             	 0.000006             	 -0.000237            	 1.233645            
7                    	 0.000000             	 0.009928             	 0.000001             	 -0.000038            	 1.233645            
8                    	 0.379237             	 0.008222             	 4.315367             	 -249.360619          	 1.233645            
