#PHONON MODE          	 EPSM1                	 OMEGAM05 [meV]       	 ALPHA                	 ZPR [meV]            \AREA/4pi            
0                    	 0.000000             	 0.000000             	 0.000000             	 -0.000000            	 1.236843            
1                    	 0.000000             	 0.000000             	 0.000000             	 -0.000000            	 1.236843            
2                    	 0.000000             	 0.000000             	 0.000000             	 -0.000000            	 1.236843            
3                    	 0.000000             	 0.012888             	 0.000000             	 -0.000000            	 1.236843            
4                    	 0.002248             	 0.012581             	 0.024641             	 -0.613521            	 1.236843            
5                    	 0.024731             	 0.011842             	 0.271812             	 -7.740362            	 1.236843            
6                    	 0.002061             	 0.006692             	 0.014356             	 -1.274409            	 1.236843            
7                    	 0.000000             	 0.005345             	 0.000000             	 -0.000000            	 1.236843            
8                    	 0.015832             	 0.005180             	 0.071763             	 -10.543482           	 1.236843            
