#PHONON MODE          	 EPSM1                	 OMEGAM05 [meV]       	 ALPHA                	 ZPR [meV]            \AREA/4pi            
0                    	 0.000000             	 0.000000             	 0.000000             	 -0.000000            	 1.218763            
1                    	 0.000000             	 0.000000             	 0.000000             	 -0.000000            	 1.218763            
2                    	 0.000000             	 0.000000             	 0.000000             	 -0.000000            	 1.218763            
3                    	 0.000000             	 0.011338             	 0.000003             	 -0.000082            	 1.218763            
4                    	 0.000000             	 0.011338             	 0.000002             	 -0.000046            	 1.218763            
5                    	 0.000000             	 0.011338             	 0.000001             	 -0.000039            	 1.218763            
6                    	 0.000000             	 0.010479             	 0.000000             	 -0.000000            	 1.218763            
7                    	 0.000000             	 0.010479             	 0.000000             	 -0.000000            	 1.218763            
8                    	 0.211376             	 0.008532             	 1.925415             	 -100.826659          	 1.218763            
