#PHONON MODE          	 EPSM1                	 OMEGAM05 [meV]       	 ALPHA                	 ZPR [meV]            \AREA/4pi            
0                    	 0.000000             	 0.000000             	 0.000000             	 -0.000000            	 1.227762            
1                    	 0.000000             	 0.000000             	 0.000000             	 -0.000000            	 1.227762            
2                    	 0.000000             	 0.000000             	 0.000000             	 -0.000000            	 1.227762            
3                    	 0.000000             	 0.012998             	 0.000000             	 -0.000000            	 1.227762            
4                    	 0.000000             	 0.012998             	 0.000000             	 -0.000000            	 1.227762            
5                    	 0.002100             	 0.012788             	 0.039608             	 -0.937068            	 1.227762            
6                    	 0.000000             	 0.012007             	 0.000000             	 -0.000000            	 1.227762            
7                    	 0.000000             	 0.012007             	 0.000000             	 -0.000000            	 1.227762            
8                    	 0.010985             	 0.011497             	 0.186293             	 -5.452399            	 1.227762            
