#PHONON MODE          	 EPSM1                	 OMEGAM05 [meV]       	 ALPHA                	 ZPR [meV]            \AREA/4pi            
0                    	 0.000000             	 0.000000             	 0.000000             	 -0.000000            	 1.226584            
1                    	 0.000000             	 0.000000             	 0.000000             	 -0.000000            	 1.226584            
2                    	 0.000000             	 0.000000             	 0.000000             	 -0.000000            	 1.226584            
3                    	 0.000000             	 0.013106             	 0.000000             	 -0.000000            	 1.226584            
4                    	 0.000000             	 0.013106             	 0.000000             	 -0.000000            	 1.226584            
5                    	 0.000929             	 0.013025             	 0.022445             	 -0.510893            	 1.226584            
6                    	 0.000000             	 0.011829             	 0.000000             	 -0.000000            	 1.226584            
7                    	 0.000000             	 0.011829             	 0.000000             	 -0.000000            	 1.226584            
8                    	 0.007279             	 0.011432             	 0.154354             	 -4.560467            	 1.226584            
