#PHONON MODE          	 EPSM1                	 OMEGAM05 [meV]       	 ALPHA                	 ZPR [meV]            \AREA/4pi            
0                    	 0.000000             	 0.000000             	 0.000000             	 -0.000000            	 1.219979            
1                    	 0.000000             	 0.000000             	 0.000000             	 -0.000000            	 1.219979            
2                    	 0.000000             	 0.000000             	 0.000000             	 -0.000000            	 1.219979            
3                    	 0.000000             	 0.010037             	 0.000000             	 -0.000000            	 1.219979            
4                    	 0.000000             	 0.010037             	 0.000000             	 -0.000000            	 1.219979            
5                    	 0.003902             	 0.009564             	 0.039276             	 -1.640196            	 1.219979            
6                    	 0.000000             	 0.009435             	 0.000000             	 -0.000000            	 1.219979            
7                    	 0.000000             	 0.009435             	 0.000000             	 -0.000000            	 1.219979            
8                    	 0.062832             	 0.008749             	 0.578486             	 -28.870048           	 1.219979            
