#PHONON MODE          	 EPSM1                	 OMEGAM05 [meV]       	 ALPHA                	 ZPR [meV]            \AREA/4pi            
0                    	 0.000000             	 0.000000             	 0.000000             	 -0.000000            	 1.232835            
1                    	 0.000000             	 0.000000             	 0.000000             	 -0.000000            	 1.232835            
2                    	 0.000000             	 0.000000             	 0.000000             	 -0.000000            	 1.232835            
3                    	 0.000000             	 0.014363             	 0.000000             	 -0.000000            	 1.232835            
4                    	 0.000000             	 0.014363             	 0.000000             	 -0.000000            	 1.232835            
5                    	 0.000254             	 0.014339             	 0.006792             	 -0.128866            	 1.232835            
6                    	 0.000000             	 0.013045             	 0.000000             	 -0.000000            	 1.232835            
7                    	 0.000000             	 0.013045             	 0.000000             	 -0.000000            	 1.232835            
8                    	 0.004553             	 0.012741             	 0.108170             	 -2.599227            	 1.232835            
