#PHONON MODE          	 EPSM1                	 OMEGAM05 [meV]       	 ALPHA                	 ZPR [meV]            \AREA/4pi            
0                    	 0.000000             	 0.000000             	 0.000000             	 -0.000000            	 1.240276            
1                    	 0.000000             	 0.000000             	 0.000000             	 -0.000000            	 1.240276            
2                    	 0.000000             	 0.000000             	 0.000000             	 -0.000000            	 1.240276            
3                    	 0.014914             	 0.016407             	 0.269994             	 -4.166616            	 1.240276            
4                    	 0.000000             	 0.014819             	 0.000000             	 -0.000000            	 1.240276            
5                    	 0.196239             	 0.012906             	 2.855369             	 -67.521368           	 1.240276            
6                    	 0.000000             	 0.008738             	 0.000000             	 -0.000000            	 1.240276            
7                    	 0.004744             	 0.008716             	 0.046331             	 -2.410507            	 1.240276            
8                    	 0.000001             	 0.003534             	 0.000006             	 -0.001767            	 1.240276            
