#PHONON MODE          	 EPSM1                	 OMEGAM05 [meV]       	 ALPHA                	 ZPR [meV]            \AREA/4pi            
0                    	 0.000000             	 0.000000             	 0.000000             	 -0.000000            	 1.220829            
1                    	 0.000000             	 0.000000             	 0.000000             	 -0.000000            	 1.220829            
2                    	 0.000000             	 0.000000             	 0.000000             	 -0.000000            	 1.220829            
3                    	 0.000000             	 0.011371             	 0.000000             	 -0.000000            	 1.220829            
4                    	 0.000000             	 0.011371             	 0.000000             	 -0.000000            	 1.220829            
5                    	 0.000034             	 0.011365             	 0.001052             	 -0.031149            	 1.220829            
6                    	 0.000000             	 0.010816             	 0.000000             	 -0.000000            	 1.220829            
7                    	 0.000000             	 0.010816             	 0.000000             	 -0.000000            	 1.220829            
8                    	 0.021547             	 0.009713             	 0.572277             	 -23.203220           	 1.220829            
