#PHONON MODE          	 EPSM1                	 OMEGAM05 [meV]       	 ALPHA                	 ZPR [meV]            \AREA/4pi            
0                    	 0.000000             	 0.000000             	 0.000000             	 -0.000000            	 1.232681            
1                    	 0.000000             	 0.000000             	 0.000000             	 -0.000000            	 1.232681            
2                    	 0.000000             	 0.000000             	 0.000000             	 -0.000000            	 1.232681            
3                    	 0.000000             	 0.012919             	 0.000000             	 -0.000000            	 1.232681            
4                    	 0.000000             	 0.012919             	 0.000000             	 -0.000000            	 1.232681            
5                    	 0.000568             	 0.012823             	 0.007187             	 -0.170456            	 1.232681            
6                    	 0.000000             	 0.011613             	 0.000000             	 -0.000000            	 1.232681            
7                    	 0.000000             	 0.011613             	 0.000000             	 -0.000000            	 1.232681            
8                    	 0.020724             	 0.010338             	 0.211505             	 -7.717627            	 1.232681            
