#PHONON MODE          	 EPSM1                	 OMEGAM05 [meV]       	 ALPHA                	 ZPR [meV]            \AREA/4pi            
0                    	 0.000000             	 0.000000             	 0.000000             	 -0.000000            	 1.230923            
1                    	 0.000000             	 0.000000             	 0.000000             	 -0.000000            	 1.230923            
2                    	 0.000000             	 0.000000             	 0.000000             	 -0.000000            	 1.230923            
3                    	 0.000000             	 0.011886             	 0.000000             	 -0.000000            	 1.230923            
4                    	 0.000000             	 0.011886             	 0.000000             	 -0.000000            	 1.230923            
5                    	 0.001209             	 0.011595             	 0.018685             	 -0.540409            	 1.230923            
6                    	 0.000000             	 0.010494             	 0.000000             	 -0.000000            	 1.230923            
7                    	 0.000000             	 0.010494             	 0.000000             	 -0.000000            	 1.230923            
8                    	 0.017197             	 0.009205             	 0.211002             	 -9.684116            	 1.230923            
