#PHONON MODE          	 EPSM1                	 OMEGAM05 [meV]       	 ALPHA                	 ZPR [meV]            \AREA/4pi            
0                    	 0.000000             	 0.000000             	 0.000000             	 -0.000000            	 1.233522            
1                    	 0.000000             	 0.000000             	 0.000000             	 -0.000000            	 1.233522            
2                    	 0.000000             	 0.000000             	 0.000000             	 -0.000000            	 1.233522            
3                    	 0.000000             	 0.015554             	 0.000000             	 -0.000000            	 1.233522            
4                    	 0.000000             	 0.015554             	 0.000000             	 -0.000000            	 1.233522            
5                    	 0.000001             	 0.013881             	 0.000020             	 -0.000396            	 1.233522            
6                    	 0.000000             	 0.013881             	 0.000010             	 -0.000204            	 1.233522            
7                    	 0.000000             	 0.013881             	 0.000001             	 -0.000023            	 1.233522            
8                    	 0.243264             	 0.012395             	 5.303988             	 -134.807571          	 1.233522            
