#PHONON MODE          	 EPSM1                	 OMEGAM05 [meV]       	 ALPHA                	 ZPR [meV]            \AREA/4pi            
0                    	 0.000000             	 0.000000             	 0.000000             	 -0.000000            	 1.231667            
1                    	 0.000000             	 0.000000             	 0.000000             	 -0.000000            	 1.231667            
2                    	 0.000000             	 0.000000             	 0.000000             	 -0.000000            	 1.231667            
3                    	 0.000000             	 0.012901             	 0.000005             	 -0.000126            	 1.231667            
4                    	 0.000000             	 0.012901             	 0.000001             	 -0.000021            	 1.231667            
5                    	 0.000000             	 0.012901             	 0.000002             	 -0.000058            	 1.231667            
6                    	 0.000000             	 0.012378             	 0.000000             	 -0.000000            	 1.231667            
7                    	 0.000000             	 0.012378             	 0.000000             	 -0.000000            	 1.231667            
8                    	 0.166343             	 0.010502             	 1.724727             	 -60.885625           	 1.231667            
