#PHONON MODE          	 EPSM1                	 OMEGAM05 [meV]       	 ALPHA                	 ZPR [meV]            \AREA/4pi            
0                    	 0.000000             	 0.000000             	 0.000000             	 -0.000000            	 1.228424            
1                    	 0.000000             	 0.000000             	 0.000000             	 -0.000000            	 1.228424            
2                    	 0.000000             	 0.000000             	 0.000000             	 -0.000000            	 1.228424            
3                    	 0.000000             	 0.011083             	 0.000000             	 -0.000000            	 1.228424            
4                    	 0.000003             	 0.011042             	 0.000059             	 -0.001865            	 1.228424            
5                    	 0.017468             	 0.009455             	 0.252443             	 -10.843086           	 1.228424            
6                    	 0.000000             	 0.009400             	 0.000001             	 -0.000058            	 1.228424            
7                    	 0.015659             	 0.009385             	 0.228603             	 -10.087821           	 1.228424            
8                    	 0.000000             	 0.008179             	 0.000000             	 -0.000016            	 1.228424            
