#PHONON MODE          	 EPSM1                	 OMEGAM05 [meV]       	 ALPHA                	 ZPR [meV]            \AREA/4pi            
0                    	 0.000000             	 0.000000             	 0.000000             	 -0.000000            	 1.238650            
1                    	 0.000000             	 0.000000             	 0.000000             	 -0.000000            	 1.238650            
2                    	 0.000000             	 0.000000             	 0.000000             	 -0.000000            	 1.238650            
3                    	 0.000000             	 0.025313             	 0.000001             	 -0.000006            	 1.238650            
4                    	 0.000001             	 0.025313             	 0.000041             	 -0.000249            	 1.238650            
5                    	 0.000000             	 0.017786             	 0.000002             	 -0.000028            	 1.238650            
6                    	 0.000000             	 0.014206             	 0.000000             	 -0.000000            	 1.238650            
7                    	 0.092128             	 0.011742             	 1.169921             	 -35.416652           	 1.238650            
8                    	 0.064746             	 0.010115             	 0.726075             	 -27.997921           	 1.238650            
