#PHONON MODE          	 EPSM1                	 OMEGAM05 [meV]       	 ALPHA                	 ZPR [meV]            \AREA/4pi            
0                    	 0.000000             	 0.000000             	 0.000000             	 -0.000000            	 1.221683            
1                    	 0.000000             	 0.000000             	 0.000000             	 -0.000000            	 1.221683            
2                    	 0.000000             	 0.000000             	 0.000000             	 -0.000000            	 1.221683            
3                    	 0.000000             	 0.013533             	 0.000000             	 -0.000000            	 1.221683            
4                    	 0.000000             	 0.013533             	 0.000004             	 -0.000087            	 1.221683            
5                    	 0.000001             	 0.011309             	 0.000022             	 -0.000663            	 1.221683            
6                    	 0.000000             	 0.010399             	 0.000000             	 -0.000000            	 1.221683            
7                    	 0.002140             	 0.010334             	 0.031932             	 -1.146730            	 1.221683            
8                    	 0.000478             	 0.009390             	 0.006240             	 -0.271726            	 1.221683            
