#PHONON MODE          	 EPSM1                	 OMEGAM05 [meV]       	 ALPHA                	 ZPR [meV]            \AREA/4pi            
0                    	 0.000000             	 0.000000             	 0.000000             	 -0.000000            	 1.228620            
1                    	 0.000000             	 0.000000             	 0.000000             	 -0.000000            	 1.228620            
2                    	 0.000000             	 0.000000             	 0.000000             	 -0.000000            	 1.228620            
3                    	 0.000000             	 0.014043             	 0.000000             	 -0.000000            	 1.228620            
4                    	 0.000000             	 0.014043             	 0.000000             	 -0.000000            	 1.228620            
5                    	 0.004073             	 0.013794             	 0.118101             	 -2.404565            	 1.228620            
6                    	 0.000000             	 0.011729             	 0.000000             	 -0.000000            	 1.228620            
7                    	 0.000000             	 0.011729             	 0.000000             	 -0.000000            	 1.228620            
8                    	 0.003598             	 0.011576             	 0.087531             	 -2.530551            	 1.228620            
