#PHONON MODE          	 EPSM1                	 OMEGAM05 [meV]       	 ALPHA                	 ZPR [meV]            \AREA/4pi            
0                    	 0.000000             	 0.000000             	 0.000000             	 -0.000000            	 1.230886            
1                    	 0.000000             	 0.000000             	 0.000000             	 -0.000000            	 1.230886            
2                    	 0.000000             	 0.000000             	 0.000000             	 -0.000000            	 1.230886            
3                    	 0.000000             	 0.019828             	 0.000000             	 -0.000000            	 1.230886            
4                    	 0.000000             	 0.019828             	 0.000000             	 -0.000000            	 1.230886            
5                    	 0.052267             	 0.014904             	 0.925690             	 -16.204594           	 1.230886            
6                    	 0.000000             	 0.012580             	 0.000000             	 -0.000000            	 1.230886            
7                    	 0.000000             	 0.012580             	 0.000000             	 -0.000000            	 1.230886            
8                    	 0.050047             	 0.011640             	 0.692227             	 -19.867742           	 1.230886            
