#PHONON MODE          	 EPSM1                	 OMEGAM05 [meV]       	 ALPHA                	 ZPR [meV]            \AREA/4pi            
0                    	 0.000000             	 0.000000             	 0.000000             	 -0.000000            	 1.243578            
1                    	 0.000000             	 0.000000             	 0.000000             	 -0.000000            	 1.243578            
2                    	 0.000000             	 0.000000             	 0.000000             	 -0.000000            	 1.243578            
3                    	 0.000000             	 0.007539             	 0.000000             	 -0.000000            	 1.243578            
4                    	 0.000188             	 0.007535             	 0.001848             	 -0.129191            	 1.243578            
5                    	 0.000000             	 0.007092             	 0.000000             	 -0.000000            	 1.243578            
6                    	 0.000000             	 0.007092             	 0.000000             	 -0.000000            	 1.243578            
7                    	 0.000049             	 0.006541             	 0.000498             	 -0.046229            	 1.243578            
8                    	 0.000000             	 0.005429             	 0.000000             	 -0.000000            	 1.243578            
