#PHONON MODE          	 EPSM1                	 OMEGAM05 [meV]       	 ALPHA                	 ZPR [meV]            \AREA/4pi            
0                    	 0.000000             	 0.000000             	 0.000000             	 -0.000000            	 1.221820            
1                    	 0.000000             	 0.000000             	 0.000000             	 -0.000000            	 1.221820            
2                    	 0.000000             	 0.000000             	 0.000000             	 -0.000000            	 1.221820            
3                    	 0.000000             	 0.013542             	 0.000000             	 -0.000000            	 1.221820            
4                    	 0.000000             	 0.013542             	 0.000000             	 -0.000000            	 1.221820            
5                    	 0.002887             	 0.013288             	 0.066684             	 -1.446998            	 1.221820            
6                    	 0.000000             	 0.012685             	 0.000000             	 -0.000000            	 1.221820            
7                    	 0.000000             	 0.012685             	 0.000000             	 -0.000000            	 1.221820            
8                    	 0.010452             	 0.012281             	 0.223113             	 -5.667804            	 1.221820            
