#PHONON MODE          	 EPSM1                	 OMEGAM05 [meV]       	 ALPHA                	 ZPR [meV]            \AREA/4pi            
0                    	 0.000000             	 0.000000             	 0.000000             	 -0.000000            	 1.243156            
1                    	 0.000000             	 0.000000             	 0.000000             	 -0.000000            	 1.243156            
2                    	 0.000000             	 0.000000             	 0.000000             	 -0.000000            	 1.243156            
3                    	 0.000000             	 0.012277             	 0.000000             	 -0.000000            	 1.243156            
4                    	 0.000000             	 0.012277             	 0.000000             	 -0.000000            	 1.243156            
5                    	 0.030463             	 0.011357             	 0.483876             	 -14.879005           	 1.243156            
6                    	 0.000000             	 0.010659             	 0.000000             	 -0.000000            	 1.243156            
7                    	 0.000000             	 0.010659             	 0.000000             	 -0.000000            	 1.243156            
8                    	 0.035713             	 0.010316             	 0.515241             	 -19.204998           	 1.243156            
