#PHONON MODE          	 EPSM1                	 OMEGAM05 [meV]       	 ALPHA                	 ZPR [meV]            \AREA/4pi            
0                    	 0.000000             	 0.000000             	 0.000000             	 -0.000000            	 1.229398            
1                    	 0.000000             	 0.000000             	 0.000000             	 -0.000000            	 1.229398            
2                    	 0.000000             	 0.000000             	 0.000000             	 -0.000000            	 1.229398            
3                    	 0.000000             	 0.012556             	 0.000000             	 -0.000000            	 1.229398            
4                    	 0.000000             	 0.012556             	 0.000000             	 -0.000000            	 1.229398            
5                    	 0.005310             	 0.012286             	 0.114767             	 -2.949546            	 1.229398            
6                    	 0.000000             	 0.010763             	 0.000000             	 -0.000000            	 1.229398            
7                    	 0.000000             	 0.010763             	 0.000000             	 -0.000000            	 1.229398            
8                    	 0.003464             	 0.010643             	 0.064850             	 -2.221007            	 1.229398            
