#PHONON MODE          	 EPSM1                	 OMEGAM05 [meV]       	 ALPHA                	 ZPR [meV]            \AREA/4pi            
0                    	 0.000000             	 0.000000             	 0.000000             	 -0.000000            	 1.225160            
1                    	 0.000000             	 0.000000             	 0.000000             	 -0.000000            	 1.225160            
2                    	 0.000000             	 0.000000             	 0.000000             	 -0.000000            	 1.225160            
3                    	 0.000000             	 0.014146             	 0.000006             	 -0.000115            	 1.225160            
4                    	 0.000000             	 0.014146             	 0.000004             	 -0.000069            	 1.225160            
5                    	 0.000000             	 0.014146             	 0.000003             	 -0.000048            	 1.225160            
6                    	 0.000000             	 0.012298             	 0.000000             	 -0.000000            	 1.225160            
7                    	 0.000000             	 0.012298             	 0.000000             	 -0.000000            	 1.225160            
8                    	 0.243879             	 0.009556             	 2.733173             	 -115.295877          	 1.225160            
