#PHONON MODE          	 EPSM1                	 OMEGAM05 [meV]       	 ALPHA                	 ZPR [meV]            \AREA/4pi            
0                    	 0.000000             	 0.000000             	 0.000000             	 -0.000000            	 1.219715            
1                    	 0.000000             	 0.000000             	 0.000000             	 -0.000000            	 1.219715            
2                    	 0.000000             	 0.000000             	 0.000000             	 -0.000000            	 1.219715            
3                    	 0.000000             	 0.012281             	 0.000000             	 -0.000000            	 1.219715            
4                    	 0.000000             	 0.012281             	 0.000000             	 -0.000000            	 1.219715            
5                    	 0.000241             	 0.012239             	 0.005069             	 -0.129220            	 1.219715            
6                    	 0.000000             	 0.011241             	 0.000000             	 -0.000000            	 1.219715            
7                    	 0.000000             	 0.011241             	 0.000000             	 -0.000000            	 1.219715            
8                    	 0.025943             	 0.009819             	 0.438061             	 -17.349839           	 1.219715            
