#PHONON MODE          	 EPSM1                	 OMEGAM05 [meV]       	 ALPHA                	 ZPR [meV]            \AREA/4pi            
0                    	 0.000000             	 0.000000             	 0.000000             	 -0.000000            	 1.242589            
1                    	 0.000000             	 0.000000             	 0.000000             	 -0.000000            	 1.242589            
2                    	 0.000000             	 0.000000             	 0.000000             	 -0.000000            	 1.242589            
3                    	 0.000000             	 0.011312             	 0.000000             	 -0.000000            	 1.242589            
4                    	 0.000000             	 0.011312             	 0.000000             	 -0.000000            	 1.242589            
5                    	 0.000145             	 0.011283             	 0.002341             	 -0.072881            	 1.242589            
6                    	 0.000000             	 0.010558             	 0.000000             	 -0.000000            	 1.242589            
7                    	 0.000000             	 0.010558             	 0.000000             	 -0.000000            	 1.242589            
8                    	 0.026011             	 0.009152             	 0.341662             	 -16.163253           	 1.242589            
