#PHONON MODE          	 EPSM1                	 OMEGAM05 [meV]       	 ALPHA                	 ZPR [meV]            \AREA/4pi            
0                    	 0.000000             	 0.000000             	 0.000000             	 -0.000000            	 1.233460            
1                    	 0.000000             	 0.000000             	 0.000000             	 -0.000000            	 1.233460            
2                    	 0.000000             	 0.000000             	 0.000000             	 -0.000000            	 1.233460            
3                    	 0.000000             	 0.011745             	 0.000000             	 -0.000000            	 1.233460            
4                    	 0.000000             	 0.011745             	 0.000000             	 -0.000000            	 1.233460            
5                    	 0.009244             	 0.011272             	 0.169859             	 -5.220202            	 1.233460            
6                    	 0.000000             	 0.010831             	 0.000000             	 -0.000000            	 1.233460            
7                    	 0.000000             	 0.010831             	 0.000000             	 -0.000000            	 1.233460            
8                    	 0.001445             	 0.010798             	 0.025438             	 -0.851968            	 1.233460            
