#PHONON MODE          	 EPSM1                	 OMEGAM05 [meV]       	 ALPHA                	 ZPR [meV]            \AREA/4pi            
0                    	 0.000000             	 0.000000             	 0.000000             	 -0.000000            	 1.246222            
1                    	 0.000000             	 0.000000             	 0.000000             	 -0.000000            	 1.246222            
2                    	 0.000000             	 0.000000             	 0.000000             	 -0.000000            	 1.246222            
3                    	 0.000000             	 0.009790             	 0.000000             	 -0.000000            	 1.246222            
4                    	 0.000000             	 0.009790             	 0.000000             	 -0.000000            	 1.246222            
5                    	 0.000000             	 0.009135             	 0.000005             	 -0.000252            	 1.246222            
6                    	 0.000000             	 0.009135             	 0.000011             	 -0.000512            	 1.246222            
7                    	 0.000000             	 0.009135             	 0.000006             	 -0.000269            	 1.246222            
8                    	 0.146987             	 0.008362             	 5.135340             	 -292.770872          	 1.246222            
