#PHONON MODE          	 EPSM1                	 OMEGAM05 [meV]       	 ALPHA                	 ZPR [meV]            \AREA/4pi            
0                    	 0.000000             	 0.000000             	 0.000000             	 -0.000000            	 1.233497            
1                    	 0.000000             	 0.000000             	 0.000000             	 -0.000000            	 1.233497            
2                    	 0.000000             	 0.000000             	 0.000000             	 -0.000000            	 1.233497            
3                    	 0.000001             	 0.015743             	 0.000047             	 -0.000741            	 1.233497            
4                    	 0.000000             	 0.015743             	 0.000005             	 -0.000074            	 1.233497            
5                    	 0.000000             	 0.015743             	 0.000020             	 -0.000311            	 1.233497            
6                    	 0.000000             	 0.013799             	 0.000000             	 -0.000000            	 1.233497            
7                    	 0.000000             	 0.013799             	 0.000000             	 -0.000000            	 1.233497            
8                    	 0.189875             	 0.011679             	 9.999900             	 -286.263662          	 1.233497            
