#PHONON MODE          	 EPSM1                	 OMEGAM05 [meV]       	 ALPHA                	 ZPR [meV]            \AREA/4pi            
0                    	 0.000000             	 0.000000             	 0.000000             	 -0.000000            	 1.242233            
1                    	 0.000000             	 0.000000             	 0.000000             	 -0.000000            	 1.242233            
2                    	 0.000000             	 0.000000             	 0.000000             	 -0.000000            	 1.242233            
3                    	 0.000000             	 0.011607             	 0.000000             	 -0.000000            	 1.242233            
4                    	 0.000000             	 0.011607             	 0.000000             	 -0.000000            	 1.242233            
5                    	 0.014245             	 0.011058             	 0.418252             	 -13.547224           	 1.242233            
6                    	 0.000000             	 0.009190             	 0.000000             	 -0.000000            	 1.242233            
7                    	 0.000000             	 0.009190             	 0.000000             	 -0.000000            	 1.242233            
8                    	 0.025218             	 0.008711             	 0.583306             	 -30.443660           	 1.242233            
