#PHONON MODE          	 EPSM1                	 OMEGAM05 [meV]       	 ALPHA                	 ZPR [meV]            \AREA/4pi            
0                    	 0.000000             	 0.000000             	 0.000000             	 -0.000000            	 1.227184            
1                    	 0.000000             	 0.000000             	 0.000000             	 -0.000000            	 1.227184            
2                    	 0.000000             	 0.000000             	 0.000000             	 -0.000000            	 1.227184            
3                    	 0.000000             	 0.013862             	 0.000000             	 -0.000003            	 1.227184            
4                    	 0.000000             	 0.013862             	 0.000001             	 -0.000018            	 1.227184            
5                    	 0.000000             	 0.013784             	 0.000000             	 -0.000000            	 1.227184            
6                    	 0.000087             	 0.013570             	 0.004152             	 -0.086764            	 1.227184            
7                    	 0.259467             	 0.009523             	 9.028031             	 -385.174774          	 1.227184            
8                    	 0.000000             	 0.005853             	 0.000000             	 -0.000000            	 1.227184            
