#PHONON MODE          	 EPSM1                	 OMEGAM05 [meV]       	 ALPHA                	 ZPR [meV]            \AREA/4pi            
0                    	 0.000000             	 0.000000             	 0.000000             	 -0.000000            	 1.225750            
1                    	 0.000000             	 0.000000             	 0.000000             	 -0.000000            	 1.225750            
2                    	 0.000000             	 0.000000             	 0.000000             	 -0.000000            	 1.225750            
3                    	 0.000000             	 0.012711             	 0.000018             	 -0.000422            	 1.225750            
4                    	 0.000000             	 0.012711             	 0.000000             	 -0.000007            	 1.225750            
5                    	 0.000000             	 0.012711             	 0.000007             	 -0.000158            	 1.225750            
6                    	 0.000000             	 0.011839             	 0.000000             	 -0.000000            	 1.225750            
7                    	 0.000000             	 0.011839             	 0.000000             	 -0.000000            	 1.225750            
8                    	 0.031562             	 0.010584             	 7.832192             	 -269.610782          	 1.225750            
