#PHONON MODE          	 EPSM1                	 OMEGAM05 [meV]       	 ALPHA                	 ZPR [meV]            \AREA/4pi            
0                    	 0.000000             	 0.000000             	 0.000000             	 -0.000000            	 1.230285            
1                    	 0.000000             	 0.000000             	 0.000000             	 -0.000000            	 1.230285            
2                    	 0.000000             	 0.000000             	 0.000000             	 -0.000000            	 1.230285            
3                    	 0.000000             	 0.006925             	 0.000000             	 -0.000000            	 1.230285            
4                    	 0.000000             	 0.006925             	 0.000000             	 -0.000000            	 1.230285            
5                    	 0.000000             	 0.006650             	 0.000001             	 -0.000051            	 1.230285            
6                    	 0.000000             	 0.006650             	 0.000000             	 -0.000019            	 1.230285            
7                    	 0.000000             	 0.006650             	 0.000002             	 -0.000142            	 1.230285            
8                    	 0.090304             	 0.005774             	 1.528189             	 -178.089235          	 1.230285            
