#PHONON MODE          	 EPSM1                	 OMEGAM05 [meV]       	 ALPHA                	 ZPR [meV]            \AREA/4pi            
0                    	 0.000000             	 0.000000             	 0.000000             	 -0.000000            	 1.229775            
1                    	 0.000000             	 0.000000             	 0.000000             	 -0.000000            	 1.229775            
2                    	 0.000000             	 0.000000             	 0.000000             	 -0.000000            	 1.229775            
3                    	 0.002998             	 0.015061             	 0.064582             	 -1.138200            	 1.229775            
4                    	 0.000000             	 0.013961             	 0.000000             	 -0.000000            	 1.229775            
5                    	 0.063431             	 0.012136             	 1.114316             	 -29.618905           	 1.229775            
6                    	 0.000594             	 0.009690             	 0.009780             	 -0.405361            	 1.229775            
7                    	 0.000000             	 0.008493             	 0.000000             	 -0.000000            	 1.229775            
8                    	 0.016936             	 0.008277             	 0.188774             	 -10.737601           	 1.229775            
