#PHONON MODE          	 EPSM1                	 OMEGAM05 [meV]       	 ALPHA                	 ZPR [meV]            \AREA/4pi            
0                    	 0.000000             	 0.000000             	 0.000000             	 -0.000000            	 1.239731            
1                    	 0.000000             	 0.000000             	 0.000000             	 -0.000000            	 1.239731            
2                    	 0.000000             	 0.000000             	 0.000000             	 -0.000000            	 1.239731            
3                    	 0.000000             	 0.014438             	 0.000000             	 -0.000000            	 1.239731            
4                    	 0.000000             	 0.014438             	 0.000000             	 -0.000000            	 1.239731            
5                    	 0.001666             	 0.014299             	 0.221868             	 -4.280560            	 1.239731            
6                    	 0.000000             	 0.012854             	 0.000000             	 -0.000000            	 1.239731            
7                    	 0.000000             	 0.012854             	 0.000000             	 -0.000000            	 1.239731            
8                    	 0.009474             	 0.012377             	 1.092013             	 -28.119804           	 1.239731            
