#PHONON MODE          	 EPSM1                	 OMEGAM05 [meV]       	 ALPHA                	 ZPR [meV]            \AREA/4pi            
0                    	 0.000000             	 0.000000             	 0.000000             	 -0.000000            	 1.240829            
1                    	 0.000000             	 0.000000             	 0.000000             	 -0.000000            	 1.240829            
2                    	 0.000000             	 0.000000             	 0.000000             	 -0.000000            	 1.240829            
3                    	 0.000000             	 0.026808             	 0.000008             	 -0.000042            	 1.240829            
4                    	 0.000000             	 0.026807             	 0.000014             	 -0.000076            	 1.240829            
5                    	 0.003779             	 0.013988             	 0.210227             	 -4.398516            	 1.240829            
6                    	 0.000000             	 0.012621             	 0.000000             	 -0.000000            	 1.240829            
7                    	 0.278705             	 0.009136             	 10.612260            	 -503.385455          	 1.240829            
8                    	 0.000000             	 0.005851             	 0.000000             	 -0.000000            	 1.240829            
