#PHONON MODE          	 EPSM1                	 OMEGAM05 [meV]       	 ALPHA                	 ZPR [meV]            \AREA/4pi            
0                    	 0.000000             	 0.000000             	 0.000000             	 -0.000000            	 1.246637            
1                    	 0.000000             	 0.000000             	 0.000000             	 -0.000000            	 1.246637            
2                    	 0.000000             	 0.000000             	 0.000000             	 -0.000000            	 1.246637            
3                    	 0.000000             	 0.015343             	 0.000000             	 -0.000000            	 1.246637            
4                    	 0.000000             	 0.015343             	 0.000000             	 -0.000000            	 1.246637            
5                    	 0.000000             	 0.014356             	 0.000021             	 -0.000404            	 1.246637            
6                    	 0.000000             	 0.014356             	 0.000047             	 -0.000914            	 1.246637            
7                    	 0.000000             	 0.014356             	 0.000020             	 -0.000384            	 1.246637            
8                    	 0.121798             	 0.013335             	 11.496085            	 -257.877447          	 1.246637            
