#PHONON MODE          	 EPSM1                	 OMEGAM05 [meV]       	 ALPHA                	 ZPR [meV]            \AREA/4pi            
0                    	 0.000000             	 0.000000             	 0.000000             	 -0.000000            	 1.233645            
1                    	 0.000000             	 0.000000             	 0.000000             	 -0.000000            	 1.233645            
2                    	 0.000000             	 0.000000             	 0.000000             	 -0.000000            	 1.233645            
3                    	 0.000000             	 0.011227             	 0.000000             	 -0.000000            	 1.233645            
4                    	 0.000000             	 0.011227             	 0.000000             	 -0.000000            	 1.233645            
5                    	 0.000001             	 0.009928             	 0.000020             	 -0.000812            	 1.233645            
6                    	 0.000000             	 0.009928             	 0.000016             	 -0.000640            	 1.233645            
7                    	 0.000000             	 0.009928             	 0.000003             	 -0.000101            	 1.233645            
8                    	 0.379237             	 0.008222             	 9.958010             	 -575.416989          	 1.233645            
