#PHONON MODE          	 EPSM1                	 OMEGAM05 [meV]       	 ALPHA                	 ZPR [meV]            \AREA/4pi            
0                    	 0.000000             	 0.000000             	 0.000000             	 -0.000000            	 1.236308            
1                    	 0.000000             	 0.000000             	 0.000000             	 -0.000000            	 1.236308            
2                    	 0.000000             	 0.000000             	 0.000000             	 -0.000000            	 1.236308            
3                    	 0.000000             	 0.012072             	 0.000000             	 -0.000000            	 1.236308            
4                    	 0.000000             	 0.012072             	 0.000000             	 -0.000000            	 1.236308            
5                    	 0.000000             	 0.010231             	 0.000011             	 -0.000418            	 1.236308            
6                    	 0.000000             	 0.010231             	 0.000015             	 -0.000555            	 1.236308            
7                    	 0.000000             	 0.010231             	 0.000005             	 -0.000204            	 1.236308            
8                    	 0.284153             	 0.009189             	 8.247820             	 -383.133049          	 1.236308            
