#PHONON MODE          	 EPSM1                	 OMEGAM05 [meV]       	 ALPHA                	 ZPR [meV]            \AREA/4pi            
0                    	 0.000000             	 0.000000             	 0.000000             	 -0.000000            	 1.231795            
1                    	 0.000000             	 0.000000             	 0.000000             	 -0.000000            	 1.231795            
2                    	 0.000000             	 0.000000             	 0.000000             	 -0.000000            	 1.231795            
3                    	 0.000000             	 0.010472             	 0.000000             	 -0.000000            	 1.231795            
4                    	 0.000000             	 0.010472             	 0.000000             	 -0.000000            	 1.231795            
5                    	 0.000000             	 0.009457             	 0.000005             	 -0.000237            	 1.231795            
6                    	 0.000001             	 0.009457             	 0.000019             	 -0.000844            	 1.231795            
7                    	 0.000000             	 0.009457             	 0.000005             	 -0.000231            	 1.231795            
8                    	 0.121878             	 0.009070             	 4.324540             	 -204.706384          	 1.231795            
