#PHONON MODE          	 EPSM1                	 OMEGAM05 [meV]       	 ALPHA                	 ZPR [meV]            \AREA/4pi            
0                    	 0.000000             	 0.000000             	 0.000000             	 -0.000000            	 1.226555            
1                    	 0.000000             	 0.000000             	 0.000000             	 -0.000000            	 1.226555            
2                    	 0.000000             	 0.000000             	 0.000000             	 -0.000000            	 1.226555            
3                    	 0.000000             	 0.014246             	 0.000000             	 -0.000000            	 1.226555            
4                    	 0.000000             	 0.014246             	 0.000000             	 -0.000000            	 1.226555            
5                    	 0.001650             	 0.014137             	 0.133900             	 -2.586725            	 1.226555            
6                    	 0.000000             	 0.012274             	 0.000000             	 -0.000000            	 1.226555            
7                    	 0.000000             	 0.012274             	 0.000000             	 -0.000000            	 1.226555            
8                    	 0.002713             	 0.012139             	 0.189051             	 -4.953926            	 1.226555            
