#PHONON MODE          	 EPSM1                	 OMEGAM05 [meV]       	 ALPHA                	 ZPR [meV]            \AREA/4pi            
0                    	 0.000000             	 0.000000             	 0.000000             	 -0.000000            	 1.243820            
1                    	 0.000000             	 0.000000             	 0.000000             	 -0.000000            	 1.243820            
2                    	 0.000000             	 0.000000             	 0.000000             	 -0.000000            	 1.243820            
3                    	 0.000000             	 0.012487             	 0.000000             	 -0.000000            	 1.243820            
4                    	 0.000000             	 0.012487             	 0.000000             	 -0.000000            	 1.243820            
5                    	 0.002205             	 0.012326             	 0.090762             	 -2.371977            	 1.243820            
6                    	 0.000000             	 0.011396             	 0.000000             	 -0.000000            	 1.243820            
7                    	 0.000000             	 0.011396             	 0.000000             	 -0.000000            	 1.243820            
8                    	 0.010045             	 0.010993             	 0.368806             	 -12.118602           	 1.243820            
