#PHONON MODE          	 EPSM1                	 OMEGAM05 [meV]       	 ALPHA                	 ZPR [meV]            \AREA/4pi            
0                    	 0.000000             	 0.000000             	 0.000000             	 -0.000000            	 1.240897            
1                    	 0.000000             	 0.000000             	 0.000000             	 -0.000000            	 1.240897            
2                    	 0.000000             	 0.000000             	 0.000000             	 -0.000000            	 1.240897            
3                    	 0.000000             	 0.013987             	 0.000000             	 -0.000000            	 1.240897            
4                    	 0.000000             	 0.013987             	 0.000000             	 -0.000000            	 1.240897            
5                    	 0.001830             	 0.013776             	 0.040208             	 -0.837301            	 1.240897            
6                    	 0.000000             	 0.011641             	 0.000000             	 -0.000000            	 1.240897            
7                    	 0.000000             	 0.011641             	 0.000000             	 -0.000000            	 1.240897            
8                    	 0.022360             	 0.010490             	 0.374160             	 -13.436775           	 1.240897            
