#PHONON MODE          	 EPSM1                	 OMEGAM05 [meV]       	 ALPHA                	 ZPR [meV]            \AREA/4pi            
0                    	 0.000000             	 0.000000             	 0.000000             	 -0.000000            	 1.231596            
1                    	 0.000000             	 0.000000             	 0.000000             	 -0.000000            	 1.231596            
2                    	 0.000000             	 0.000000             	 0.000000             	 -0.000000            	 1.231596            
3                    	 0.019328             	 0.015520             	 13.591725            	 -238.417057          	 1.231596            
4                    	 0.000000             	 0.013452             	 0.000000             	 -0.000000            	 1.231596            
5                    	 0.167344             	 0.011642             	 88.775413            	 -2537.905754         	 1.231596            
6                    	 0.000000             	 0.008165             	 0.000000             	 -0.000000            	 1.231596            
7                    	 0.009864             	 0.008115             	 3.541237             	 -209.841936          	 1.231596            
8                    	 0.000138             	 0.003538             	 0.023202             	 -7.215829            	 1.231596            
