#PHONON MODE          	 EPSM1                	 OMEGAM05 [meV]       	 ALPHA                	 ZPR [meV]            \AREA/4pi            
0                    	 0.000000             	 0.000000             	 0.000000             	 -0.000000            	 1.217642            
1                    	 0.000000             	 0.000000             	 0.000000             	 -0.000000            	 1.217642            
2                    	 0.000000             	 0.000000             	 0.000000             	 -0.000000            	 1.217642            
3                    	 0.000001             	 0.020675             	 0.000072             	 -0.000643            	 1.217642            
4                    	 0.000000             	 0.020675             	 0.000001             	 -0.000008            	 1.217642            
5                    	 0.000000             	 0.020675             	 0.000031             	 -0.000272            	 1.217642            
6                    	 0.000000             	 0.019250             	 0.000000             	 -0.000000            	 1.217642            
7                    	 0.000000             	 0.019250             	 0.000000             	 -0.000000            	 1.217642            
8                    	 0.142476             	 0.016861             	 10.827964            	 -144.935333          	 1.217642            
