#PHONON MODE          	 EPSM1                	 OMEGAM05 [meV]       	 ALPHA                	 ZPR [meV]            \AREA/4pi            
0                    	 0.000000             	 0.000000             	 0.000000             	 -0.000000            	 1.231667            
1                    	 0.000000             	 0.000000             	 0.000000             	 -0.000000            	 1.231667            
2                    	 0.000000             	 0.000000             	 0.000000             	 -0.000000            	 1.231667            
3                    	 0.000000             	 0.012901             	 0.000091             	 -0.002135            	 1.231667            
4                    	 0.000000             	 0.012901             	 0.000015             	 -0.000357            	 1.231667            
5                    	 0.000000             	 0.012901             	 0.000042             	 -0.000983            	 1.231667            
6                    	 0.000000             	 0.012378             	 0.000000             	 -0.000000            	 1.231667            
7                    	 0.000000             	 0.012378             	 0.000000             	 -0.000000            	 1.231667            
8                    	 0.166343             	 0.010502             	 29.302164            	 -1034.413055         	 1.231667            
