#PHONON MODE          	 EPSM1                	 OMEGAM05 [meV]       	 ALPHA                	 ZPR [meV]            \AREA/4pi            
0                    	 0.000000             	 0.000000             	 0.000000             	 -0.000000            	 1.238650            
1                    	 0.000000             	 0.000000             	 0.000000             	 -0.000000            	 1.238650            
2                    	 0.000000             	 0.000000             	 0.000000             	 -0.000000            	 1.238650            
3                    	 0.000000             	 0.025313             	 0.000002             	 -0.000015            	 1.238650            
4                    	 0.000001             	 0.025313             	 0.000105             	 -0.000645            	 1.238650            
5                    	 0.000000             	 0.017786             	 0.000006             	 -0.000069            	 1.238650            
6                    	 0.000000             	 0.014206             	 0.000000             	 -0.000000            	 1.238650            
7                    	 0.092128             	 0.011742             	 3.111240             	 -94.702809           	 1.238650            
8                    	 0.064746             	 0.010115             	 1.909697             	 -73.530902           	 1.238650            
