#PHONON MODE          	 EPSM1                	 OMEGAM05 [meV]       	 ALPHA                	 ZPR [meV]            \AREA/4pi            
0                    	 0.000000             	 0.000000             	 0.000000             	 -0.000000            	 1.230887            
1                    	 0.000000             	 0.000000             	 0.000000             	 -0.000000            	 1.230887            
2                    	 0.000000             	 0.000000             	 0.000000             	 -0.000000            	 1.230887            
3                    	 0.000000             	 0.009605             	 0.000000             	 -0.000000            	 1.230887            
4                    	 0.000000             	 0.009605             	 0.000000             	 -0.000000            	 1.230887            
5                    	 0.015417             	 0.008878             	 0.424770             	 -20.957886           	 1.230887            
6                    	 0.000000             	 0.008091             	 0.000000             	 -0.000000            	 1.230887            
7                    	 0.000000             	 0.008091             	 0.000000             	 -0.000000            	 1.230887            
8                    	 0.045593             	 0.007454             	 1.054722             	 -73.813786           	 1.230887            
