#PHONON MODE          	 EPSM1                	 OMEGAM05 [meV]       	 ALPHA                	 ZPR [meV]            \AREA/4pi            
0                    	 0.000000             	 0.000000             	 0.000000             	 -0.000000            	 1.231441            
1                    	 0.000000             	 0.000000             	 0.000000             	 -0.000000            	 1.231441            
2                    	 0.000000             	 0.000000             	 0.000000             	 -0.000000            	 1.231441            
3                    	 0.000001             	 0.019550             	 0.000073             	 -0.000747            	 1.231441            
4                    	 0.000000             	 0.019550             	 0.000019             	 -0.000189            	 1.231441            
5                    	 0.000000             	 0.019550             	 0.000036             	 -0.000369            	 1.231441            
6                    	 0.000000             	 0.014686             	 0.000000             	 -0.000000            	 1.231441            
7                    	 0.000000             	 0.014686             	 0.000000             	 -0.000000            	 1.231441            
8                    	 0.181178             	 0.012467             	 13.675424            	 -342.456176          	 1.231441            
