#PHONON MODE          	 EPSM1                	 OMEGAM05 [meV]       	 ALPHA                	 ZPR [meV]            \AREA/4pi            
0                    	 0.000000             	 0.000000             	 0.000000             	 -0.000000            	 1.225483            
1                    	 0.000000             	 0.000000             	 0.000000             	 -0.000000            	 1.225483            
2                    	 0.000000             	 0.000000             	 0.000000             	 -0.000000            	 1.225483            
3                    	 0.000000             	 0.012891             	 0.000000             	 -0.000000            	 1.225483            
4                    	 0.000000             	 0.012891             	 0.000000             	 -0.000000            	 1.225483            
5                    	 0.000000             	 0.011482             	 0.000014             	 -0.000399            	 1.225483            
6                    	 0.000001             	 0.011482             	 0.000027             	 -0.000784            	 1.225483            
7                    	 0.000000             	 0.011482             	 0.000020             	 -0.000572            	 1.225483            
8                    	 0.206830             	 0.009819             	 8.817311             	 -352.502822          	 1.225483            
