#PHONON MODE          	 EPSM1                	 OMEGAM05 [meV]       	 ALPHA                	 ZPR [meV]            \AREA/4pi            
0                    	 0.000000             	 0.000000             	 0.000000             	 -0.000000            	 1.234434            
1                    	 0.000000             	 0.000000             	 0.000000             	 -0.000000            	 1.234434            
2                    	 0.000000             	 0.000000             	 0.000000             	 -0.000000            	 1.234434            
3                    	 0.000000             	 0.012230             	 0.000000             	 -0.000000            	 1.234434            
4                    	 0.000000             	 0.012230             	 0.000000             	 -0.000000            	 1.234434            
5                    	 0.000360             	 0.012166             	 0.008572             	 -0.226477            	 1.234434            
6                    	 0.000000             	 0.010811             	 0.000000             	 -0.000000            	 1.234434            
7                    	 0.000000             	 0.010811             	 0.000000             	 -0.000000            	 1.234434            
8                    	 0.022000             	 0.009415             	 0.405951             	 -17.908731           	 1.234434            
