#PHONON MODE          	 EPSM1                	 OMEGAM05 [meV]       	 ALPHA                	 ZPR [meV]            \AREA/4pi            
0                    	 0.000000             	 0.000000             	 0.000000             	 -0.000000            	 1.236723            
1                    	 0.000000             	 0.000000             	 0.000000             	 -0.000000            	 1.236723            
2                    	 0.000000             	 0.000000             	 0.000000             	 -0.000000            	 1.236723            
3                    	 0.000000             	 0.012175             	 0.000000             	 -0.000000            	 1.236723            
4                    	 0.000000             	 0.012175             	 0.000000             	 -0.000000            	 1.236723            
5                    	 0.000001             	 0.010558             	 0.000031             	 -0.001087            	 1.236723            
6                    	 0.000000             	 0.010558             	 0.000020             	 -0.000688            	 1.236723            
7                    	 0.000000             	 0.010558             	 0.000003             	 -0.000117            	 1.236723            
8                    	 0.372786             	 0.009102             	 11.301821            	 -535.465515          	 1.236723            
