#PHONON MODE          	 EPSM1                	 OMEGAM05 [meV]       	 ALPHA                	 ZPR [meV]            \AREA/4pi            
0                    	 0.000000             	 0.000000             	 0.000000             	 -0.000000            	 1.238205            
1                    	 0.000000             	 0.000000             	 0.000000             	 -0.000000            	 1.238205            
2                    	 0.000000             	 0.000000             	 0.000000             	 -0.000000            	 1.238205            
3                    	 0.000000             	 0.011584             	 0.000000             	 -0.000000            	 1.238205            
4                    	 0.000000             	 0.011584             	 0.000000             	 -0.000000            	 1.238205            
5                    	 0.000001             	 0.011584             	 0.000013             	 -0.000381            	 1.238205            
6                    	 0.000000             	 0.010811             	 0.000000             	 -0.000000            	 1.238205            
7                    	 0.000000             	 0.010811             	 0.000000             	 -0.000000            	 1.238205            
8                    	 0.026058             	 0.009362             	 0.492511             	 -22.112761           	 1.238205            
