#PHONON MODE          	 EPSM1                	 OMEGAM05 [meV]       	 ALPHA                	 ZPR [meV]            \AREA/4pi            
0                    	 0.000000             	 0.000000             	 0.000000             	 -0.000000            	 1.238121            
1                    	 0.000000             	 0.000000             	 0.000000             	 -0.000000            	 1.238121            
2                    	 0.000000             	 0.000000             	 0.000000             	 -0.000000            	 1.238121            
3                    	 0.000000             	 0.013440             	 0.000000             	 -0.000000            	 1.238121            
4                    	 0.000000             	 0.013440             	 0.000000             	 -0.000000            	 1.238121            
5                    	 0.000907             	 0.012869             	 0.039430             	 -0.936704            	 1.238121            
6                    	 0.000000             	 0.012834             	 0.000000             	 -0.000000            	 1.238121            
7                    	 0.000000             	 0.012834             	 0.000000             	 -0.000000            	 1.238121            
8                    	 0.069656             	 0.011916             	 2.804442             	 -77.709058           	 1.238121            
