#PHONON MODE          	 EPSM1                	 OMEGAM05 [meV]       	 ALPHA                	 ZPR [meV]            \AREA/4pi            
0                    	 0.000000             	 0.000000             	 0.000000             	 -0.000000            	 1.238320            
1                    	 0.000000             	 0.000000             	 0.000000             	 -0.000000            	 1.238320            
2                    	 0.000000             	 0.000000             	 0.000000             	 -0.000000            	 1.238320            
3                    	 0.000000             	 0.010934             	 0.000000             	 -0.000000            	 1.238320            
4                    	 0.000000             	 0.010934             	 0.000000             	 -0.000000            	 1.238320            
5                    	 0.003592             	 0.010520             	 0.074350             	 -2.643757            	 1.238320            
6                    	 0.000000             	 0.010412             	 0.000000             	 -0.000000            	 1.238320            
7                    	 0.000000             	 0.010412             	 0.000000             	 -0.000000            	 1.238320            
8                    	 0.007829             	 0.010268             	 0.158138             	 -5.902702            	 1.238320            
