#PHONON MODE          	 EPSM1                	 OMEGAM05 [meV]       	 ALPHA                	 ZPR [meV]            \AREA/4pi            
0                    	 0.000000             	 0.000000             	 0.000000             	 -0.000000            	 1.225982            
1                    	 0.000000             	 0.000000             	 0.000000             	 -0.000000            	 1.225982            
2                    	 0.000000             	 0.000000             	 0.000000             	 -0.000000            	 1.225982            
3                    	 0.000000             	 0.012500             	 0.000000             	 -0.000000            	 1.225982            
4                    	 0.000000             	 0.012500             	 0.000000             	 -0.000000            	 1.225982            
5                    	 0.000020             	 0.012498             	 0.002553             	 -0.063046            	 1.225982            
6                    	 0.000000             	 0.011619             	 0.000000             	 -0.000000            	 1.225982            
7                    	 0.000000             	 0.011619             	 0.000000             	 -0.000000            	 1.225982            
8                    	 0.010784             	 0.011016             	 1.231520             	 -39.149419           	 1.225982            
