#PHONON MODE          	 EPSM1                	 OMEGAM05 [meV]       	 ALPHA                	 ZPR [meV]            \AREA/4pi            
0                    	 0.000000             	 0.000000             	 0.000000             	 -0.000000            	 1.246074            
1                    	 0.000000             	 0.000000             	 0.000000             	 -0.000000            	 1.246074            
2                    	 0.000000             	 0.000000             	 0.000000             	 -0.000000            	 1.246074            
3                    	 0.000000             	 0.011147             	 0.000000             	 -0.000000            	 1.246074            
4                    	 0.000000             	 0.011147             	 0.000000             	 -0.000000            	 1.246074            
5                    	 0.007611             	 0.010779             	 0.237352             	 -8.141133            	 1.246074            
6                    	 0.000000             	 0.010068             	 0.000000             	 -0.000000            	 1.246074            
7                    	 0.000000             	 0.010068             	 0.000000             	 -0.000000            	 1.246074            
8                    	 0.005449             	 0.009927             	 0.156492             	 -6.328476            	 1.246074            
