#PHONON MODE          	 EPSM1                	 OMEGAM05 [meV]       	 ALPHA                	 ZPR [meV]            \AREA/4pi            
0                    	 0.000000             	 0.000000             	 0.000000             	 -0.000000            	 1.250765            
1                    	 0.000000             	 0.000000             	 0.000000             	 -0.000000            	 1.250765            
2                    	 0.000000             	 0.000000             	 0.000000             	 -0.000000            	 1.250765            
3                    	 0.000000             	 0.012522             	 0.000000             	 -0.000000            	 1.250765            
4                    	 0.000000             	 0.012522             	 0.000000             	 -0.000000            	 1.250765            
5                    	 0.054860             	 0.010228             	 0.772840             	 -29.659967           	 1.250765            
6                    	 0.000000             	 0.009566             	 0.000000             	 -0.000000            	 1.250765            
7                    	 0.000000             	 0.009566             	 0.000000             	 -0.000000            	 1.250765            
8                    	 0.029162             	 0.009340             	 0.375128             	 -17.266924           	 1.250765            
