#PHONON MODE          	 EPSM1                	 OMEGAM05 [meV]       	 ALPHA                	 ZPR [meV]            \AREA/4pi            
0                    	 0.000000             	 0.000000             	 0.000000             	 -0.000000            	 1.241981            
1                    	 0.000000             	 0.000000             	 0.000000             	 -0.000000            	 1.241981            
2                    	 0.000000             	 0.000000             	 0.000000             	 -0.000000            	 1.241981            
3                    	 0.000000             	 0.011132             	 0.000000             	 -0.000000            	 1.241981            
4                    	 0.000000             	 0.011132             	 0.000000             	 -0.000000            	 1.241981            
5                    	 0.010761             	 0.010495             	 0.212298             	 -7.631036            	 1.241981            
6                    	 0.000000             	 0.010404             	 0.000000             	 -0.000000            	 1.241981            
7                    	 0.000000             	 0.010404             	 0.000000             	 -0.000000            	 1.241981            
8                    	 0.004453             	 0.010373             	 0.086840             	 -3.194986            	 1.241981            
