#PHONON MODE          	 EPSM1                	 OMEGAM05 [meV]       	 ALPHA                	 ZPR [meV]            \AREA/4pi            
0                    	 0.000000             	 0.000000             	 0.000000             	 -0.000000            	 1.236915            
1                    	 0.000000             	 0.000000             	 0.000000             	 -0.000000            	 1.236915            
2                    	 0.000000             	 0.000000             	 0.000000             	 -0.000000            	 1.236915            
3                    	 0.000000             	 0.010953             	 0.000000             	 -0.000000            	 1.236915            
4                    	 0.000000             	 0.010953             	 0.000000             	 -0.000000            	 1.236915            
5                    	 0.010529             	 0.010272             	 0.474304             	 -17.649924           	 1.236915            
6                    	 0.000000             	 0.009751             	 0.000000             	 -0.000000            	 1.236915            
7                    	 0.000000             	 0.009751             	 0.000000             	 -0.000000            	 1.236915            
8                    	 0.023334             	 0.009319             	 0.953673             	 -43.116008           	 1.236915            
