#PHONON MODE          	 EPSM1                	 OMEGAM05 [meV]       	 ALPHA                	 ZPR [meV]            \AREA/4pi            
0                    	 0.000000             	 0.000000             	 0.000000             	 -0.000000            	 1.224462            
1                    	 0.000000             	 0.000000             	 0.000000             	 -0.000000            	 1.224462            
2                    	 0.000000             	 0.000000             	 0.000000             	 -0.000000            	 1.224462            
3                    	 0.000000             	 0.012708             	 0.000000             	 -0.000000            	 1.224462            
4                    	 0.000000             	 0.012708             	 0.000000             	 -0.000000            	 1.224462            
5                    	 0.002365             	 0.012341             	 0.212225             	 -5.362189            	 1.224462            
6                    	 0.000000             	 0.011663             	 0.000000             	 -0.000000            	 1.224462            
7                    	 0.000000             	 0.011663             	 0.000000             	 -0.000000            	 1.224462            
8                    	 0.016939             	 0.010839             	 1.334945             	 -43.724269           	 1.224462            
